Cached: 00:00:00.0540418
SQL: 00:00:00.1334343
SQL: 00:00:00.0025810
SQL: 00:00:00.0139560
Cached: 00:00:00.0130782
SQL: 00:00:00.0090527
SQL: 00:00:00.0081594
